
map8	,Breathfirst,True,4.283525705337524,183,182,24,-5,181,178,175,171,165,157,148,139,129,117,104,90,77,64,52,42,33,24,18,13,7,2,-1,
map8	,Greedy_Euclideo,True,0.8100907802581787,75,42,26,-5,73,72,69,67,65,63,61,59,57,51,34,32,29,28,25,23,20,18,16,14,11,8,5,2,-1,
map8	,Greedy_Manhattan,True,0.5074019432067871,85,50,36,-5,84,82,80,78,76,74,72,70,68,61,56,52,49,47,46,45,43,41,39,37,35,33,31,29,26,23,20,17,14,11,9,7,5,2,-1,
map8	,Dijkstra,True,4.101249933242798,183,182,24,-5,181,178,175,171,165,157,148,139,129,117,104,90,77,64,52,42,33,24,18,13,7,2,-1,
map8	,AManhattan,True,2.153604745864868,133,109,24,-5,131,128,125,122,118,112,105,98,90,81,72,63,54,44,36,29,22,14,9,7,5,2,-1,
map8	,AEuclidean,True,3.6918087005615234,159,141,24,-5,152,148,124,122,119,115,112,96,76,67,56,50,39,32,25,21,17,14,11,8,5,2,-1,
map8	,BidireccionalM,True,0.5968561172485352,103,70,24,-1,3,8,12,16,25,37,48,61,77,98,93,85,75,68,58,49,43,35,26,17,9,5,0,
map8	,BidireccionalE,True,0.4879169464111328,78,50,24,-1,3,8,13,17,21,26,33,39,50,65,76,72,67,62,55,47,40,31,24,14,10,6,0,
map8	,Random,True,4.22682785987854,180,176,26,-5,179,178,174,173,162,152,148,145,134,128,127,116,101,74,61,50,41,37,28,23,18,17,5,2,-1,
map8	,Explorer,True,0.4475400447845459,95,35,34,-5,92,89,86,83,80,78,76,74,71,68,65,61,56,53,51,46,45,42,39,36,33,30,26,23,20,17,15,13,11,8,5,2,-1,
map6	,Breathfirst,True,3.2355289459228516,177,175,26,-5,174,169,163,156,148,139,127,114,101,87,75,64,54,45,38,33,29,26,23,20,17,13,7,2,-1,
map6	,Greedy_Euclideo,True,0.7072598934173584,97,65,30,-5,95,94,91,90,88,86,84,82,80,77,74,72,62,57,51,27,25,24,21,20,17,15,13,11,9,7,5,2,-1,
map6	,Greedy_Manhattan,True,0.7192449569702148,97,66,26,-5,95,93,91,89,87,85,83,81,78,75,73,71,28,24,21,19,17,15,13,11,9,7,5,2,-1,