
/Users/fernandoquevedovallejo/Desktop/Planificacion/master-ipr/map8,True,1.5144538879394531,183,23,181,178,175,171,165,157,148,139,129,117,104,90,77,64,52,42,33,24,18,13,7,2,-1,
/Users/fernandoquevedovallejo/Desktop/Planificacion/master-ipr/map8,True,0.1911029815673828,75,25,73,72,69,67,65,63,61,59,57,51,34,32,29,28,25,23,20,18,16,14,11,8,5,2,-1,
/Users/fernandoquevedovallejo/Desktop/Planificacion/master-ipr/map8,True,0.776777982711792,183,23,181,178,175,171,165,157,148,139,129,117,104,90,77,64,52,42,33,24,18,13,7,2,-1,
/Users/fernandoquevedovallejo/Desktop/Planificacion/master-ipr/map8,True,0.6620290279388428,159,23,152,148,124,122,119,115,112,96,76,67,56,50,39,32,25,21,17,14,11,8,5,2,-1,
/Users/fernandoquevedovallejo/Desktop/Planificacion/master-ipr/map8,True,0.469188928604126,133,23,131,128,125,122,118,112,105,98,90,81,72,63,54,44,36,29,22,14,9,7,5,2,-1,
/Users/fernandoquevedovallejo/Desktop/Planificacion/master-ipr/map6,True,0.7370312213897705,177,25,174,169,163,156,148,139,127,114,101,87,75,64,54,45,38,33,29,26,23,20,17,13,7,2,-1,
/Users/fernandoquevedovallejo/Desktop/Planificacion/master-ipr/map6,True,0.3174903392791748,97,29,95,94,91,90,88,86,84,82,80,77,74,72,62,57,51,27,25,24,21,20,17,15,13,11,9,7,5,2,-1,
/Users/fernandoquevedovallejo/Desktop/Planificacion/master-ipr/map6,True,0.7466709613800049,177,25,174,169,163,156,148,139,127,114,101,87,75,64,54,45,38,33,29,26,23,20,17,13,7,2,-1,
/Users/fernandoquevedovallejo/Desktop/Planificacion/master-ipr/map6,True,0.6883740425109863,134,25,128,126,114,112,110,108,106,104,102,99,92,81,50,38,31,21,17,15,13,11,9,7,5,2,-1,
/Users/fernandoquevedovallejo/Desktop/Planificacion/master-ipr/map6,True,0.5188150405883789,126,25,124,121,118,115,112,109,106,102,98,95,93,86,36,29,23,19,17,15,13,11,9,7,5,2,-1,
/Users/fernandoquevedovallejo/Desktop/Planificacion/master-ipr/map1,True,0.13740110397338867,34,7,28,24,20,14,7,2,-1,
/Users/fernandoquevedovallejo/Desktop/Planificacion/master-ipr/map1,True,0.03508305549621582,18,7,14,11,9,7,5,2,-1,
/Users/fernandoquevedovallejo/Desktop/Planificacion/master-ipr/map1,True,0.10902976989746094,34,7,28,24,20,14,7,2,-1,
/Users/fernandoquevedovallejo/Desktop/Planificacion/master-ipr/map1,True,0.04140114784240723,22,7,16,13,11,9,5,2,-1,
/Users/fernandoquevedovallejo/Desktop/Planificacion/master-ipr/map1,True,0.04229998588562012,22,7,17,14,12,10,7,2,-1,
/Users/fernandoquevedovallejo/Desktop/Planificacion/master-ipr/map7,True,2.3643879890441895,408,48,396,385,375,367,358,349,339,329,318,307,295,283,272,263,255,248,243,239,234,228,222,211,199,187,175,162,150,138,127,118,111,104,96,88,81,74,66,58,49,42,36,31,26,21,15,9,2,-1,
/Users/fernandoquevedovallejo/Desktop/Planificacion/master-ipr/map7,True,0.7647507190704346,175,50,172,171,169,165,163,152,149,146,143,140,137,134,131,129,127,124,122,118,112,111,108,107,105,104,102,98,97,95,93,92,90,87,73,63,56,51,50,49,48,46,44,40,37,32,27,22,17,12,2,-1,
/Users/fernandoquevedovallejo/Desktop/Planificacion/master-ipr/map7,True,2.433758020401001,408,48,396,385,375,367,358,349,339,329,318,307,295,283,272,263,255,248,243,239,234,228,222,211,199,187,175,162,150,138,127,118,111,104,96,88,81,74,66,58,49,42,36,31,26,21,15,9,2,-1,
/Users/fernandoquevedovallejo/Desktop/Planificacion/master-ipr/map7,True,1.9103548526763916,339,48,327,324,321,302,297,261,258,255,251,248,245,242,239,237,235,232,221,213,193,187,170,161,155,143,139,134,122,118,116,113,104,97,89,77,68,57,56,49,47,41,36,31,26,21,16,9,2,-1,
/Users/fernandoquevedovallejo/Desktop/Planificacion/master-ipr/map7,True,1.493393898010254,301,48,298,295,290,288,283,248,243,238,233,229,225,222,219,217,215,213,196,178,161,160,144,143,139,135,132,130,119,118,116,114,106,99,92,83,75,66,65,55,50,42,36,31,26,21,15,9,2,-1,
/Users/fernandoquevedovallejo/Desktop/Planificacion/master-ipr/map9,True,2.42889404296875,406,32,385,364,343,324,305,287,269,251,233,216,199,182,167,152,138,125,113,101,90,79,68,58,49,42,36,31,26,21,15,9,2,-1,
/Users/fernandoquevedovallejo/Desktop/Planificacion/master-ipr/map9,True,0.419018030166626,100,32,97,96,94,90,88,86,83,80,77,71,68,67,65,63,61,59,57,55,53,51,49,47,44,40,37,32,27,22,17,12,2,-1,
/Users/fernandoquevedovallejo/Desktop/Planificacion/master-ipr/map9,True,2.3610270023345947,406,32,385,364,343,324,305,287,269,251,233,216,199,182,167,152,138,125,113,101,90,79,68,58,49,42,36,31,26,21,15,9,2,-1,
/Users/fernandoquevedovallejo/Desktop/Planificacion/master-ipr/map9,True,1.2107839584350586,215,32,199,196,193,185,178,175,168,151,141,126,104,88,79,69,67,63,60,58,56,54,52,50,47,41,36,31,26,21,16,9,2,-1,
/Users/fernandoquevedovallejo/Desktop/Planificacion/master-ipr/map9,True,1.0320711135864258,178,32,175,172,167,165,163,161,159,146,134,115,95,75,74,72,70,68,66,64,62,60,58,56,50,42,36,31,26,21,15,9,2,-1,
/Users/fernandoquevedovallejo/Desktop/Planificacion/master-ipr/map11,True,3.3363778591156006,470,44,456,442,428,414,402,390,379,366,352,338,325,312,300,288,272,259,247,237,228,220,213,207,202,194,184,176,168,159,151,143,136,128,119,107,94,80,67,55,43,31,18,8,2,-1,
/Users/fernandoquevedovallejo/Desktop/Planificacion/master-ipr/map11,True,1.3632009029388428,222,50,219,217,215,213,211,209,207,205,203,201,199,197,195,193,190,189,187,185,169,168,157,156,141,140,137,136,132,131,129,128,114,108,98,88,79,73,63,56,48,40,30,26,20,17,14,12,10,7,4,-1,
/Users/fernandoquevedovallejo/Desktop/Planificacion/master-ipr/map11,True,3.6933839321136475,470,44,456,442,428,414,402,390,379,366,352,338,325,312,300,288,272,259,247,237,228,220,213,207,202,194,184,176,168,159,151,143,136,128,119,107,94,80,67,55,43,31,18,8,2,-1,
/Users/fernandoquevedovallejo/Desktop/Planificacion/master-ipr/map11,True,2.2949397563934326,272,44,265,262,260,256,254,252,250,248,246,244,242,240,238,236,233,229,225,221,214,211,200,198,188,182,171,169,159,156,145,142,129,119,110,99,88,80,67,55,46,37,26,15,2,-1,
/Users/fernandoquevedovallejo/Desktop/Planificacion/master-ipr/map11,True,1.7869219779968262,257,44,254,252,250,248,246,244,242,240,238,236,234,232,230,226,223,222,220,218,206,205,194,193,183,182,172,171,161,160,151,145,136,128,119,108,97,86,73,61,50,40,27,15,2,-1,
/Users/fernandoquevedovallejo/Desktop/Planificacion/master-ipr/map10,True,4.792433261871338,622,48,608,597,585,572,558,546,534,522,509,495,479,460,439,420,402,385,369,354,340,325,310,294,277,260,244,229,215,202,191,181,171,160,147,134,122,110,99,89,79,67,55,44,34,25,16,8,2,-1,
/Users/fernandoquevedovallejo/Desktop/Planificacion/master-ipr/map10,True,1.790632963180542,301,50,296,294,292,291,287,284,281,278,275,272,269,266,263,260,257,254,251,248,246,243,242,240,238,236,234,232,230,228,214,203,192,178,164,151,131,114,97,83,65,55,43,35,27,20,14,11,8,6,3,-1,
/Users/fernandoquevedovallejo/Desktop/Planificacion/master-ipr/map10,True,4.44064998626709,622,48,608,597,585,572,558,546,534,522,509,495,479,460,439,420,402,385,369,354,340,325,310,294,277,260,244,229,215,202,191,181,171,160,147,134,122,110,99,89,79,67,55,44,34,25,16,8,2,-1,
/Users/fernandoquevedovallejo/Desktop/Planificacion/master-ipr/map10,True,2.434340000152588,398,48,369,358,352,331,327,324,319,316,313,310,307,304,301,298,295,292,289,286,284,281,269,259,250,242,234,229,220,217,205,192,180,170,159,146,133,118,104,87,74,62,50,39,31,23,16,9,2,-1,
/Users/fernandoquevedovallejo/Desktop/Planificacion/master-ipr/map10,True,2.0322649478912354,344,48,338,335,332,329,323,318,313,309,305,301,296,291,286,281,276,271,267,264,262,260,241,223,221,219,217,215,213,202,191,181,171,161,151,140,128,116,104,90,80,68,56,45,35,26,17,9,2,-1,
/Users/fernandoquevedovallejo/Desktop/Planificacion/master-ipr/map2,True,0.3180210590362549,79,15,76,71,65,59,54,50,44,38,30,23,18,13,7,2,-1,
/Users/fernandoquevedovallejo/Desktop/Planificacion/master-ipr/map2,True,0.0944819450378418,40,15,38,37,34,33,30,27,25,18,14,11,9,7,5,2,-1,
/Users/fernandoquevedovallejo/Desktop/Planificacion/master-ipr/map2,True,0.29909610748291016,79,15,76,71,65,59,54,50,44,38,30,23,18,13,7,2,-1,
/Users/fernandoquevedovallejo/Desktop/Planificacion/master-ipr/map2,True,0.2341301441192627,69,15,64,60,52,50,47,43,39,20,14,11,9,7,5,2,-1,
/Users/fernandoquevedovallejo/Desktop/Planificacion/master-ipr/map2,True,0.20878100395202637,62,15,60,57,53,49,46,44,42,26,19,13,9,7,5,2,-1,
/Users/fernandoquevedovallejo/Desktop/Planificacion/master-ipr/map5,True,3.3356809616088867,429,48,420,410,400,391,384,379,374,369,363,356,347,336,324,312,301,291,282,273,263,253,246,239,232,224,213,202,191,180,170,161,153,144,131,118,106,95,85,76,67,58,49,42,35,27,17,8,2,-1,
/Users/fernandoquevedovallejo/Desktop/Planificacion/master-ipr/map5,True,1.200179100036621,216,56,213,212,210,208,205,202,200,199,197,196,194,191,188,186,184,181,180,178,177,174,173,171,169,167,165,163,162,160,159,156,155,153,145,138,130,117,106,96,83,79,74,72,68,66,52,51,49,47,45,40,37,32,27,22,2,-1,
/Users/fernandoquevedovallejo/Desktop/Planificacion/master-ipr/map5,True,3.014292001724243,429,48,420,410,400,391,384,379,374,369,363,356,347,336,324,312,301,291,282,273,263,253,246,239,232,224,213,202,191,180,170,161,153,144,131,118,106,95,85,76,67,58,49,42,35,27,17,8,2,-1,
/Users/fernandoquevedovallejo/Desktop/Planificacion/master-ipr/map5,True,2.567262887954712,366,48,354,351,346,344,341,330,322,300,293,276,271,267,264,262,260,258,246,235,222,220,211,201,191,181,174,172,168,164,160,158,151,145,138,131,122,112,99,86,68,49,48,41,36,31,26,15,2,-1,
/Users/fernandoquevedovallejo/Desktop/Planificacion/master-ipr/map5,True,1.5678999423980713,335,48,332,329,326,322,318,316,314,293,291,265,263,260,257,255,253,251,233,215,196,194,192,187,181,176,171,167,164,161,160,158,151,145,139,132,124,115,105,93,80,55,51,42,36,31,23,15,2,-1,
/Users/fernandoquevedovallejo/Desktop/Planificacion/master-ipr/map4,True,1.4603729248046875,331,60,328,323,319,316,313,310,305,297,289,283,279,276,273,270,267,264,261,257,251,243,236,230,224,218,212,207,203,199,195,190,183,174,164,154,144,134,124,114,104,95,89,83,77,71,65,60,56,53,49,44,39,34,29,24,19,13,7,3,1,-1,
/Users/fernandoquevedovallejo/Desktop/Planificacion/master-ipr/map4,True,1.1221508979797363,273,78,271,270,267,265,262,260,259,258,256,254,251,248,246,244,242,240,238,236,234,232,229,225,218,206,196,194,193,192,180,177,175,172,171,169,167,165,163,161,159,157,155,153,151,149,147,145,140,137,132,128,121,116,113,109,61,59,58,57,55,53,51,46,43,38,32,27,24,22,20,17,14,11,8,6,5,4,2,-1,
/Users/fernandoquevedovallejo/Desktop/Planificacion/master-ipr/map4,True,1.5125892162322998,331,60,328,323,319,316,313,310,305,297,289,283,279,276,273,270,267,264,261,257,251,243,236,230,224,218,212,207,203,199,195,190,183,174,164,154,144,134,124,114,104,95,89,83,77,71,65,60,56,53,49,44,39,34,29,24,19,13,7,3,1,-1,
/Users/fernandoquevedovallejo/Desktop/Planificacion/master-ipr/map4,True,1.405090093612671,323,60,314,311,307,305,303,295,287,286,284,282,279,274,270,265,261,255,253,251,249,247,243,241,238,232,223,206,201,197,191,185,179,174,166,163,158,153,151,148,146,143,130,118,94,80,74,67,55,51,46,41,36,31,26,22,20,16,10,6,1,-1,
/Users/fernandoquevedovallejo/Desktop/Planificacion/master-ipr/map4,True,1.6339390277862549,316,60,313,309,307,305,303,293,274,273,271,269,266,263,261,259,257,255,253,251,249,247,245,242,239,236,225,207,202,196,180,165,164,162,160,158,156,154,152,150,148,145,139,134,117,80,74,67,55,50,44,39,34,29,24,22,20,15,10,6,1,-1,
/Users/fernandoquevedovallejo/Desktop/Planificacion/master-ipr/map3,True,1.4029786586761475,256,50,252,249,246,243,238,231,223,216,212,209,205,199,192,185,179,173,167,162,157,151,144,137,130,123,116,110,105,101,96,89,81,73,66,60,56,53,49,44,39,34,29,24,20,17,14,11,7,3,1,-1,
/Users/fernandoquevedovallejo/Desktop/Planificacion/master-ipr/map3,True,0.4877891540527344,149,56,147,145,143,140,139,138,136,134,132,128,126,114,111,109,108,106,104,101,98,95,89,86,85,84,82,81,79,78,75,74,70,69,66,63,60,59,58,57,55,53,50,46,43,38,33,28,25,23,21,18,14,11,6,3,1,-1,
/Users/fernandoquevedovallejo/Desktop/Planificacion/master-ipr/map3,True,1.1737782955169678,256,50,252,249,246,243,238,231,223,216,212,209,205,199,192,185,179,173,167,162,157,151,144,137,130,123,116,110,105,101,96,89,81,73,66,60,56,53,49,44,39,34,29,24,20,17,14,11,7,3,1,-1,
/Users/fernandoquevedovallejo/Desktop/Planificacion/master-ipr/map3,True,1.1891908645629883,247,50,245,238,235,225,213,212,210,208,206,201,194,187,181,174,165,163,161,158,153,144,132,121,111,99,94,91,88,85,78,72,64,63,61,59,56,51,46,41,36,31,26,23,20,17,14,11,7,3,1,-1,
/Users/fernandoquevedovallejo/Desktop/Planificacion/master-ipr/map3,True,0.9830319881439209,240,50,238,236,234,222,207,206,204,202,200,196,194,187,181,174,165,163,161,158,140,120,115,110,105,100,95,91,88,86,79,73,65,64,62,60,56,50,44,39,34,29,24,22,20,17,14,11,7,3,1,-1,